
Element["" "" "" "" 138000 55000 0 0 0 100 ""]
(
	Pin[10000 0 6000 3000 6600 3800 "" "3" "edge2"]
	Pin[0 0 6000 3000 6600 3800 "" "2" "edge2"]
	Pin[-10000 0 6000 3000 6600 3800 "" "1" "edge2"]
	ElementLine [15000 5000 5000 5000 1000]
	ElementLine [15000 -5000 15000 5000 1000]
	ElementLine [5000 -5000 15000 -5000 1000]
	ElementLine [-5000 5000 -5000 -5000 1000]
	ElementLine [-15000 5000 -5000 5000 1000]
	ElementLine [5000 -5000 -15000 -5000 1000]
	ElementLine [5000 5000 5000 -5000 1000]
	ElementLine [-15000 5000 5000 5000 1000]
	ElementLine [-15000 -5000 -15000 5000 1000]

	)
